3
AplusB
./data/AplusB/
20000
1
10
10
./data/AplusB/0.in
./data/AplusB/0.out
./data/AplusB/1.in
./data/AplusB/1.out
./data/AplusB/2.in
./data/AplusB/2.out
./data/AplusB/3.in
./data/AplusB/3.out
./data/AplusB/4.in
./data/AplusB/4.out
./data/AplusB/5.in
./data/AplusB/5.out
./data/AplusB/6.in
./data/AplusB/6.out
./data/AplusB/7.in
./data/AplusB/7.out
./data/AplusB/8.in
./data/AplusB/8.out
./data/AplusB/9.in
./data/AplusB/9.out
BplusA
./data/BplusA/
20000
1
10
10
./data/BplusA/0.in
./data/BplusA/0.out
./data/BplusA/1.in
./data/BplusA/1.out
./data/BplusA/2.in
./data/BplusA/2.out
./data/BplusA/3.in
./data/BplusA/3.out
./data/BplusA/4.in
./data/BplusA/4.out
./data/BplusA/5.in
./data/BplusA/5.out
./data/BplusA/6.in
./data/BplusA/6.out
./data/BplusA/7.in
./data/BplusA/7.out
./data/BplusA/8.in
./data/BplusA/8.out
./data/BplusA/9.in
./data/BplusA/9.out
SPJtest
./data/,SPJ/
128000
1
20
5
./data/,SPJ/1.in
./data/,SPJ/1.out
./data/,SPJ/2.in
./data/,SPJ/2.out
./data/,SPJ/3.in
./data/,SPJ/3.out
./data/,SPJ/4.in
./data/,SPJ/4.out
./data/,SPJ/5.in
./data/,SPJ/5.out
9
eric
./
0
3
0
2
0
0
\
10
0
2
0
0
\
0
2
0
0
\
0
2
0
0
\
0
2
0
0
\
0
2
0
0
\
0
2
0
0
\
0
2
0
0
\
0
2
0
0
\
0
2
0
0
\
0
2
0
0
\
0
2
0
0
\
10
0
2
0
0
\
0
2
0
0
\
0
2
0
0
\
0
2
0
0
\
0
2
0
0
\
0
2
0
0
\
0
2
0
0
\
0
2
0
0
\
0
2
0
0
\
0
2
0
0
\
0
2
0
0
\
5
0
2
0
0
\
0
2
0
0
\
0
2
0
0
\
0
2
0
0
\
0
2
0
0
\
Mogician
./source/Mogician/
0
3
0
1
0
2012
\
10
0
1
0
1832
\
0
1
0
2012
\
0
1
0
1864
\
0
1
0
1836
\
0
1
0
1864
\
0
1
0
1868
\
0
1
0
1840
\
0
1
0
1836
\
0
1
0
1864
\
0
1
0
1872
\
0
1
0
2012
\
10
0
1
0
1836
\
0
1
0
1740
\
0
1
0
2012
\
0
1
0
1744
\
0
1
0
1836
\
0
1
0
1960
\
0
1
0
1960
\
0
1
0
1740
\
0
1
0
1948
\
0
1
0
1772
\
0
1
0
2020
\
5
0
1
0
1944
WAWAWAWA!\
0
1
0
1836
WAWAWAWA!\
0
1
0
2020
WAWAWAWA!\
0
1
0
1832
WAWAWAWA!\
0
1
0
1868
WAWAWAWA!\
ACer
./source/ACer/
300
3
100
0
0
2024
\
10
10
0
0
1864
\
10
0
0
1944
\
10
0
0
1744
\
10
0
0
1960
\
10
0
0
1832
\
10
0
0
1836
\
10
0
0
2020
\
10
0
0
2020
\
10
0
0
2024
\
10
0
0
1836
\
100
0
0
2016
\
10
10
0
0
1836
\
10
0
0
2000
\
10
0
0
1868
\
10
0
0
1960
\
10
0
0
2012
\
10
0
0
2016
\
10
0
0
1872
\
10
0
0
1768
\
10
0
0
1876
\
10
0
0
1836
\
100
0
0
2020
\
5
20
0
0
2020
又强又劲！\
20
0
0
1840
又强又劲！\
20
0
0
1836
又强又劲！\
20
0
0
1840
又强又劲！\
20
0
0
1772
又强又劲！\
Pascal
./source/Pascal/
200
3
100
0
0
1964
\
10
10
0
0
1864
\
10
0
0
1840
\
10
0
0
1876
\
10
0
0
1768
\
10
0
0
1964
\
10
0
0
1964
\
10
0
0
1836
\
10
0
0
1964
\
10
0
0
1840
\
10
0
0
1960
\
100
0
0
2020
\
10
10
0
0
1948
\
10
0
0
1964
\
10
0
0
1948
\
10
0
0
1832
\
10
0
0
2020
\
10
0
0
1948
\
10
0
0
1944
\
10
0
0
1960
\
10
0
0
2008
\
10
0
0
1836
\
0
1
0
2020
\
5
0
1
0
1832
WAWAWAWA!\
0
1
0
2020
WAWAWAWA!\
0
1
0
1960
WAWAWAWA!\
0
1
0
2008
WAWAWAWA!\
0
1
0
1960
WAWAWAWA!\
LGer
./source/LGer/
0
3
0
2
0
0
\
10
0
2
0
0
\
0
2
0
0
\
0
2
0
0
\
0
2
0
0
\
0
2
0
0
\
0
2
0
0
\
0
2
0
0
\
0
2
0
0
\
0
2
0
0
\
0
2
0
0
\
0
2
0
0
\
10
0
2
0
0
\
0
2
0
0
\
0
2
0
0
\
0
2
0
0
\
0
2
0
0
\
0
2
0
0
\
0
2
0
0
\
0
2
0
0
\
0
2
0
0
\
0
2
0
0
\
0
2
0
0
\
5
0
2
0
0
\
0
2
0
0
\
0
2
0
0
\
0
2
0
0
\
0
2
0
0
\
Mengbier
./source/Mengbier/
220
3
70
1
0
2020
\
10
10
0
0
1836
\
10
0
0
2000
\
10
0
0
1836
\
10
0
0
2008
\
0
1
0
1864
\
10
0
0
2000
\
0
1
0
1772
\
10
0
0
1768
\
0
1
0
2020
\
10
0
0
1836
\
50
1
0
2016
\
10
0
1
0
2008
\
0
1
0
1832
\
10
0
0
1836
\
10
0
0
1744
\
0
1
0
2000
\
0
1
0
2016
\
0
1
0
1832
\
10
0
0
1832
\
10
0
0
1832
\
10
0
0
1960
\
100
0
0
2016
\
5
20
0
0
2016
又强又劲！\
20
0
0
1836
又强又劲！\
20
0
0
2000
又强又劲！\
20
0
0
1964
又强又劲！\
20
0
0
1944
又强又劲！\
REer
./source/REer/
0
3
0
5
0
2020
\
10
0
5
0
1964
\
0
5
0
2020
\
0
5
0
1832
\
0
5
0
1836
\
0
5
0
1740
\
0
5
0
1832
\
0
5
0
2008
\
0
5
0
1832
\
0
5
0
1964
\
0
5
0
1964
\
0
5
0
2000
\
10
0
5
0
2000
\
0
5
0
1836
\
0
5
0
1832
\
0
5
0
1832
\
0
5
0
1836
\
0
5
0
1768
\
0
5
0
1964
\
0
5
0
2000
\
0
5
0
1876
\
0
5
0
1960
\
0
5
0
2020
\
5
0
5
0
1836
\
0
5
0
1836
\
0
5
0
2020
\
0
5
0
1832
\
0
5
0
1964
\
CEer
./source/CEer/
0
3
0
2
0
0
\
10
0
2
0
0
\
0
2
0
0
\
0
2
0
0
\
0
2
0
0
\
0
2
0
0
\
0
2
0
0
\
0
2
0
0
\
0
2
0
0
\
0
2
0
0
\
0
2
0
0
\
0
2
0
0
\
10
0
2
0
0
\
0
2
0
0
\
0
2
0
0
\
0
2
0
0
\
0
2
0
0
\
0
2
0
0
\
0
2
0
0
\
0
2
0
0
\
0
2
0
0
\
0
2
0
0
\
0
2
0
0
\
5
0
2
0
0
\
0
2
0
0
\
0
2
0
0
\
0
2
0
0
\
0
2
0
0
\
WAer
./source/WAer/
0
3
0
1
0.01
5440
\
10
0
1
0.01
5436
\
0
1
0
5436
\
0
1
0
5436
\
0
1
0
5436
\
0
1
0
5440
\
0
1
0
5436
\
0
1
0
5436
\
0
1
0
5436
\
0
1
0
5436
\
0
1
0
5436
\
0
1
0
2016
\
10
0
1
0
2016
\
0
1
0
1868
\
0
1
0
1964
\
0
1
0
1960
\
0
1
0
1768
\
0
1
0
1836
\
0
1
0
1836
\
0
1
0
2000
\
0
1
0
1840
\
0
1
0
2012
\
0
1
0
2004
\
5
0
1
0
1964
WAWAWAWA!\
0
1
0
1876
WAWAWAWA!\
0
1
0
1948
WAWAWAWA!\
0
1
0
1740
WAWAWAWA!\
0
1
0
2004
WAWAWAWA!\
